 0.00000  1.00000  1.00000 1.0000e+00 1.0000e+00
 0.69315  1.41421  2.00000 2.2974e+00 4.0000e+00
 1.09861  1.73205  3.00000 3.7372e+00 9.0000e+00
 1.38629  2.00000  4.00000 5.2780e+00 1.6000e+01
 1.60944  2.23607  5.00000 6.8986e+00 2.5000e+01
 1.79176  2.44949  6.00000 8.5858e+00 3.6000e+01
 1.94591  2.64575  7.00000 1.0330e+01 4.9000e+01
 2.07944  2.82843  8.00000 1.2126e+01 6.4000e+01
 2.19722  3.00000  9.00000 1.3967e+01 8.1000e+01
 2.30259  3.16228 10.00000 1.5849e+01 1.0000e+02
 2.39790  3.31662 11.00000 1.7769e+01 1.2100e+02
 2.48491  3.46410 12.00000 1.9725e+01 1.4400e+02
 2.56495  3.60555 13.00000 2.1714e+01 1.6900e+02
 2.63906  3.74166 14.00000 2.3733e+01 1.9600e+02
 2.70805  3.87298 15.00000 2.5782e+01 2.2500e+02
 2.77259  4.00000 16.00000 2.7858e+01 2.5600e+02
 2.83321  4.12311 17.00000 2.9960e+01 2.8900e+02
 2.89037  4.24264 18.00000 3.2087e+01 3.2400e+02
 2.94444  4.35890 19.00000 3.4238e+01 3.6100e+02
 2.99573  4.47214 20.00000 3.6411e+01 4.0000e+02
 3.04452  4.58258 21.00000 3.8607e+01 4.4100e+02
 3.09104  4.69042 22.00000 4.0823e+01 4.8400e+02
 3.13549  4.79583 23.00000 4.3060e+01 5.2900e+02
 3.17805  4.89898 24.00000 4.5316e+01 5.7600e+02
 3.21888  5.00000 25.00000 4.7591e+01 6.2500e+02
 3.25810  5.09902 26.00000 4.9885e+01 6.7600e+02
 3.29584  5.19615 27.00000 5.2196e+01 7.2900e+02
 3.33220  5.29150 28.00000 5.4524e+01 7.8400e+02
 3.36730  5.38516 29.00000 5.6869e+01 8.4100e+02
 3.40120  5.47723 30.00000 5.9231e+01 9.0000e+02
 3.43399  5.56776 31.00000 6.1608e+01 9.6100e+02
 3.46574  5.65685 32.00000 6.4000e+01 1.0240e+03
 3.49651  5.74456 33.00000 6.6407e+01 1.0890e+03
 3.52636  5.83095 34.00000 6.8830e+01 1.1560e+03
 3.55535  5.91608 35.00000 7.1266e+01 1.2250e+03
 3.58352  6.00000 36.00000 7.3716e+01 1.2960e+03
 3.61092  6.08276 37.00000 7.6180e+01 1.3690e+03
 3.63759  6.16441 38.00000 7.8658e+01 1.4440e+03
 3.66356  6.24500 39.00000 8.1148e+01 1.5210e+03
 3.68888  6.32456 40.00000 8.3651e+01 1.6000e+03
 3.71357  6.40312 41.00000 8.6167e+01 1.6810e+03
 3.73767  6.48074 42.00000 8.8695e+01 1.7640e+03
 3.76120  6.55744 43.00000 9.1235e+01 1.8490e+03
 3.78419  6.63325 44.00000 9.3787e+01 1.9360e+03
 3.80666  6.70820 45.00000 9.6351e+01 2.0250e+03
 3.82864  6.78233 46.00000 9.8926e+01 2.1160e+03
 3.85015  6.85565 47.00000 1.0151e+02 2.2090e+03
 3.87120  6.92820 48.00000 1.0411e+02 2.3040e+03
 3.89182  7.00000 49.00000 1.0672e+02 2.4010e+03
 3.91202  7.07107 50.00000 1.0934e+02 2.5000e+03
 3.93183  7.14143 51.00000 1.1197e+02 2.6010e+03
 3.95124  7.21110 52.00000 1.1461e+02 2.7040e+03
 3.97029  7.28011 53.00000 1.1725e+02 2.8090e+03
 3.98898  7.34847 54.00000 1.1991e+02 2.9160e+03
 4.00733  7.41620 55.00000 1.2258e+02 3.0250e+03
 4.02535  7.48331 56.00000 1.2526e+02 3.1360e+03
 4.04305  7.54983 57.00000 1.2795e+02 3.2490e+03
 4.06044  7.61577 58.00000 1.3065e+02 3.3640e+03
 4.07754  7.68115 59.00000 1.3336e+02 3.4810e+03
 4.09434  7.74597 60.00000 1.3608e+02 3.6000e+03
 4.11087  7.81025 61.00000 1.3880e+02 3.7210e+03
 4.12713  7.87401 62.00000 1.4154e+02 3.8440e+03
 4.14313  7.93725 63.00000 1.4428e+02 3.9690e+03
 4.15888  8.00000 64.00000 1.4703e+02 4.0960e+03
 4.17439  8.06226 65.00000 1.4979e+02 4.2250e+03
 4.18965  8.12404 66.00000 1.5256e+02 4.3560e+03
 4.20469  8.18535 67.00000 1.5534e+02 4.4890e+03
 4.21951  8.24621 68.00000 1.5813e+02 4.6240e+03
 4.23411  8.30662 69.00000 1.6092e+02 4.7610e+03
 4.24850  8.36660 70.00000 1.6373e+02 4.9000e+03
 4.26268  8.42615 71.00000 1.6654e+02 5.0410e+03
 4.27667  8.48528 72.00000 1.6936e+02 5.1840e+03
 4.29046  8.54400 73.00000 1.7218e+02 5.3290e+03
 4.30407  8.60233 74.00000 1.7502e+02 5.4760e+03
 4.31749  8.66025 75.00000 1.7786e+02 5.6250e+03
 4.33073  8.71780 76.00000 1.8071e+02 5.7760e+03
 4.34381  8.77496 77.00000 1.8356e+02 5.9290e+03
 4.35671  8.83176 78.00000 1.8643e+02 6.0840e+03
 4.36945  8.88819 79.00000 1.8930e+02 6.2410e+03
 4.38203  8.94427 80.00000 1.9218e+02 6.4000e+03
 4.39445  9.00000 81.00000 1.9507e+02 6.5610e+03
 4.40672  9.05539 82.00000 1.9796e+02 6.7240e+03
 4.41884  9.11043 83.00000 2.0086e+02 6.8890e+03
 4.43082  9.16515 84.00000 2.0377e+02 7.0560e+03
 4.44265  9.21954 85.00000 2.0668e+02 7.2250e+03
 4.45435  9.27362 86.00000 2.0960e+02 7.3960e+03
 4.46591  9.32738 87.00000 2.1253e+02 7.5690e+03
 4.47734  9.38083 88.00000 2.1547e+02 7.7440e+03
 4.48864  9.43398 89.00000 2.1841e+02 7.9210e+03
 4.49981  9.48683 90.00000 2.2136e+02 8.1000e+03
 4.51086  9.53939 91.00000 2.2431e+02 8.2810e+03
 4.52179  9.59166 92.00000 2.2727e+02 8.4640e+03
 4.53260  9.64365 93.00000 2.3024e+02 8.6490e+03
 4.54329  9.69536 94.00000 2.3321e+02 8.8360e+03
 4.55388  9.74679 95.00000 2.3619e+02 9.0250e+03
 4.56435  9.79796 96.00000 2.3918e+02 9.2160e+03
 4.57471  9.84886 97.00000 2.4217e+02 9.4090e+03
 4.58497  9.89949 98.00000 2.4517e+02 9.6040e+03
 4.59512  9.94987 99.00000 2.4818e+02 9.8010e+03
